000001
000635
000883
001097
000237
000625
001311
000327
000423
001207
000185
001107
000093
000491
000462
000435
000376
000517
000153
000461
000209
001229
000068
000559
000250
000311
000003
000925
001046
001277
000258
000767
000225
000174
000776
000996
000064
000684
000665
000172
000661
000048
000836
000514
000275
000129
000667
000182
000015
000009
000076
000507
000267
000339
000150
000804
000886
000292
001027
001110
001312
000560
000346
000368
000494
001149
000377
000522
001139
000939
001282
000742
000097
000885
000953
000348
000994
000713
000439
000046
000125
000779
000686
000101
000120
001265
000010
000350
000175
001055
000171
000429
000404
000976
000255
000363
000254
000499
000142
000139
001306
001326
000993
000274
000210
000961
000351
000955
000979
000343
000696
000947
000062
000019
000166
001267
001230
000039
001109
000839
000716
000466
001070
000508
000806
000750
000864
000658
000060
000785
000794
001182
000017
000390
000261
000663
001087
000629
000572
001223
001047
001183
000021
000631
001305
000869
000542
000389
000160
000204
000792
000126
000921
001276
001197
000152
000616
000807
000734
000143
000465
000436
000011
000310
001184
000628
000263
000655
000675
000043
000036
000273
001015
001050
000645
001084
000871
000080
000705
000299
000784
001088
001041
001189
001281
000981
001072
000391
000361
000948
000433
000916
000930
001016
000563
000548
000970
001247
001145
000594
000386
000833
000414
001119
000115
000345
000834
000603
000915
000409
000186
000735
001157
001106
000372
000824
001256
000817
000413
000811
000074
000929
001222
001017
001134
000535
000147
001260
001135
000222
000856
001249
000875
000387
000123
000224
000651
000972
001200
000069
001273
000575
000523
001038
000844
000488
000999
001292
000857
001077
000193
001036
001244
000027
001227
000034
000333
001307
001234
000821
000672
000130
000911
000352
001220
000319
000342
000894
000170
001259
001128
000501
001299
000014
000565
001008
000715
000990
001006
000430
001073
000383
000917
000720
001255
000332
000679
000516
000600
000745
000013
001213
000912
001052
000579
001147
000095
000183
000320
000968
000073
000851
001044
001069
000474
001082
000952
000669
000162
000335
000800
000356
000373
000241
001083
000586
001321
000455
000282
001297
000737
000576
000358
001074
000985
001098
000415
000799
000362
000733
001250
001185
000341
000662
001153
000469
000682
000087
000220
000927
001030
000987
000670
001176
001242
000538
000385
000038
000294
000567
000646
000119
001303
000791
000867
000396
000492
001237
000353
001011
000759
001217
001187
001296
000443
000602
000678
000946
000555
001252
000694
000757
000454
000532
000156
000954
000544
000135
000296
001115
000822
001295
000287
000331
000208
000808
001212
000935
000870
000945
000199
001063
001179
001177
000285
001151
000277
000711
000059
000146
000040
000795
001033
001020
000512
000417
000164
001285
001060
000610
001160
000243
000295
000470
000420
000418
000028
001064
000518
000782
000697
000973
000322
000596
000884
001168
001101
001009
001075
000552
001150
000203
000481
000773
001264
000941
000107
001130
000914
000179
000743
000427
000325
000533
000302
000813
000838
000873
000190
000907
000842
000726
000078
001029
000848
000699
000717
000969
000545
000881
001202
000411
000308
000837
000905
001148
001231
001118
000541
000740
001163
000680
000366
001238
000863
000257
001031
001003
000769
000942
000724
000286
000067
001066
001068
000983
000528
000206
000617
000265
000052
000908
000781
000853
000192
001301
000365
001257
000866
001058
000936
000815
000238
000852
000971
000639
000336
001278
000739
001191
000242
000105
000347
000303
000082
001221
000966
000901
000910
000054
000044
000384
000472
000024
000079
000913
000731
000995
000874
000677
000974
000045
000047
000371
001287
001127
001131
000061
000422
000118
000609
001093
001253
000550
001195
000369
000298
000509
001261
000553
001302
000730
001161
000218
000805
000788
000534
000240
000585
000719
000106
000089
000231
000154
000506
001226
000892
000440
000223
000613
000643
000627
000840
000315
000138
000591
000403
000546
000374
000232
001000
000049
000191
001300
000861
001324
001049
001322
000477
001099
000515
000132
001236
001037
000323
000653
000460
000412
000305
001304
000878
000962
000774
000291
001171
000475
000448
001194
001175
000783
000202
000110
000117
000438
000749
000632
000063
001216
001169
000251
000279
000584
001138
000355
000698
000827
000689
000266
001056
001122
000895
000091
001032
000796
000612
000593
001286
000276
001291
000854
000502
001091
001218
000709
001294
000862
000349
000611
000566
001012
001224
000169
000141
000446
000500
001144
000587
001120
000666
000065
001201
001117
000140
000354
001192
000245
000168
000485
000583
000888
000531
000486
000519
000307
000738
000714
001054
000887
001143
001053
000554
000858
001057
000184
000786
000691
001274
001211
000437
000234
000727
000978
000898
000928
000741
000510
000577
001121
000526
001204
000590
001014
001062
000421
000772
000681
000991
000748
001251
001167
000798
000379
000458
000424
000830
000268
000752
000524
000790
001078
000924
000633
000926
000846
001240
000480
000314
000401
001275
000449
000690
000650
000997
000037
000760
001298
000309
000549
000100
001215
000467
000615
000018
001013
001188
001317
000847
000407
000053
000230
000992
000810
001124
000155
000180
000399
000233
001315
000032
000244
000964
000771
000104
000855
000903
000889
000571
000357
000400
000537
001272
001310
000189
000801
001159
000578
000397
000416
000213
001284
000922
000479
001086
000468
000761
000042
000789
000382
000674
001178
001271
000283
000642
000293
001146
000765
000819
000289
000212
001325
000235
000702
001089
000671
001232
001313
001205
000539
001162
001100
000428
000547
000016
001233
001165
000845
000253
000746
001021
000938
000313
000304
000127
000574
000693
000637
000664
000656
000338
000606
000816
001152
000497
000094
001004
000589
000573
000904
000640
000112
000725
000897
000393
000370
000402
000205
001090
000712
000755
000569
000721
001067
000375
001263
000988
000564
000450
000226
000977
000648
000137
000608
000434
000787
000025
000113
000207
000496
000033
001316
000432
000747
001245
001164
000595
000012
000050
000167
000949
000932
000004
000879
000161
000441
000659
001318
000744
001005
001002
000163
000051
000215
000529
000700
000459
000982
000638
000562
001001
000604
001079
000081
000685
000121
000102
000958
001080
001007
000007
001112
000133
001061
000556
001290
000246
000281
000280
000248
000249
001154
000902
000090
000483
000764
000618
001108
000083
000622
000965
000259
001059
000950
001136
000582
000196
000668
000718
000770
001034
000456
000114
000008
000493
000321
000802
000706
000159
001180
000763
000124
001206
000108
000476
000626
000906
000419
000728
000900
000504
001025
000329
001039
000768
000536
000471
000944
000214
000520
000505
000812
000035
000070
000288
001094
000986
000778
000920
000503
001105
000624
000111
000381
001023
000029
000607
000103
000405
000775
000181
000173
000943
000086
000380
000835
001235
001289
000729
000758
000614
000511
000826
000071
000425
001262
000290
000392
001228
001104
000229
001113
000820
001209
000136
000959
000478
001116
000096
001142
000909
001270
001137
001225
000841
000890
000934
001065
000330
000762
000710
001174
000581
000704
000960
000020
000490
000088
001319
001186
000975
000703
000641
000359
000588
000324
001051
000605
000630
000482
000316
001043
001092
000683
000211
000005
001114
000145
001111
000367
000657
000551
001133
